3.6063714422196207e-07
9.749917458528552e-07
7.249981845627177e-07
7.768115829249921e-07
2.63602432957404e-07
3.23368182525831e-07
1.0790965025192509e-07
9.130698612538467e-07
5.78120372496698e-07
9.702057602838733e-07
7.81383888993877e-07
4.946952474254479e-07
9.734666839131047e-07
8.011822330784201e-07
3.501805506642547e-07
4.5511301354484365e-07
7.795814220215073e-07
4.1079324269247886e-07
1.906504863678411e-07
9.935018901979067e-07
1.942613300923754e-07
3.0193041895127193e-07
6.597835085336599e-07
8.445360481381996e-07
4.288264910043958e-08
6.634391143418844e-07
9.072634312041901e-07
9.032932948042193e-07
1.5259038308917497e-07
3.963343412362456e-07
1.929524395529473e-07
2.703411864848515e-07
4.6382553135444473e-07
2.6981547597027355e-08
6.215034762293673e-07
4.4801457278990027e-07
1.7067827621343048e-07
3.815420996109904e-07
1.383792703792538e-07
4.227055899577636e-07
2.9549862096869805e-07
9.541801987827034e-07
7.721245141760183e-07
7.10640975194253e-07
9.202160022740648e-07
7.672323927276059e-07
8.990086707332118e-07
7.220541942502189e-07
3.643791241800262e-07
6.352043042478127e-07
6.29856050979829e-07
7.905139199315894e-07
7.330488757330915e-07
6.34390777462773e-08
3.5202941829193114e-07
3.909299074335785e-07
8.288784656667228e-07
2.7094611472944583e-07
8.366138464874478e-07
6.205825037865279e-07
1.0575601698468513e-08
3.600642401218925e-07
4.4310595119973125e-07
3.154542104352244e-07
1.5723236500220942e-07
2.2407768844490984e-07
7.70974832843092e-07
9.679029661203526e-07
6.84578497245724e-07
7.322858981118948e-07
7.890382546980322e-07
5.7184576636379046e-08
1.2372001028997838e-07
6.85353586989602e-07
3.4462687857164945e-07
6.044076621294418e-07
8.554386501843054e-08
5.4119403259786e-07
7.351463215185974e-07
7.53397155056786e-07
4.386880026502655e-07
7.37284665637917e-07
4.154724683754818e-07
1.0226689868588329e-07
6.006394349101167e-07
7.807011729186323e-07
2.5621472655393205e-09
4.905246589529032e-07
9.090996787674235e-07
9.528883362128079e-07
8.903618345623759e-07
3.726167029010803e-07
2.0799984357347214e-07
5.778822491969959e-07
9.36478646618658e-07
6.184188754221138e-07
3.9782318979271354e-09
4.709385663353729e-07
2.901873022414316e-08
1.3930637573572543e-07
9.885201261593746e-07
2.793502528217414e-07
3.183578020103279e-07
4.630833666242457e-07
7.332014925664524e-07
3.5910229760004995e-07
8.884589816214831e-07
5.65278225855962e-07
5.463216660414265e-07
4.6279454071672003e-08
1.242346449158438e-07
7.366372881539843e-07
4.994639455610067e-07
8.213659846579216e-07
8.746342343911394e-08
1.2956848202021678e-07
7.015850530305119e-07
3.611144000834814e-07
3.910906855829715e-07
8.471760153772201e-07
2.3756545100485624e-07
4.6067490778338617e-07
2.2145138401730484e-07
4.6969936317204197e-07
9.994281610616692e-07
6.758763586010273e-07
9.805252052884063e-07
7.099429359700935e-08
1.2136599436459814e-07
1.684176371917567e-07
6.925166260098788e-07
9.420806260224618e-07
1.220782017558799e-07
5.314524964653569e-08
9.14355113277328e-07
5.140581357297179e-07
9.307944027834632e-07
2.394738949592942e-07
2.342421541359429e-07
8.716213746466871e-07
5.247651501390786e-07
4.502513868644056e-07
7.349698767228349e-07
1.2765420221885114e-07
5.769043735931331e-07
7.882229743784621e-07
4.607578408294196e-07
2.701419240169328e-07
7.98869051716643e-07
6.88314880328235e-07
4.950158274771339e-09
3.5018693016631044e-07
5.619437260938873e-07
4.824759165485129e-07
8.790079045513211e-07
7.753251327021458e-07
6.619482464087593e-07
4.1175011241461236e-07
7.699082788766827e-07
7.798046372868856e-07
9.290140132995683e-07
3.689601530256281e-07
7.710811103672267e-07
9.46705289951727e-08
1.4045056328627881e-07
9.291497358463354e-07
7.620191660944417e-07
3.3108911948154905e-07
7.857846163102984e-07
8.677013824598475e-07
6.45793108433871e-08
4.290140109840481e-07
5.27376240790837e-07
2.1545903765167565e-07
1.925837519331332e-07
8.096091266295584e-07
9.030788788525996e-07
5.689919227118631e-07
5.764637348423812e-07
5.330220344301287e-07
2.709970581250954e-07
3.267027891614278e-07
1.5933205155170497e-08
9.015919706351563e-07
5.974189800259415e-07
6.607313248655763e-07
1.3841363090084423e-07
7.513685317131063e-07
8.098101124500325e-07
5.514313135216514e-07
5.781605483295792e-07
7.214827098475262e-07
7.502185327626877e-07
7.682672728391477e-08
5.569135680210483e-07
1.387370301486456e-07
4.4972972008139694e-07
9.494167293080712e-07
8.174598341146069e-10
1.6405601767855614e-07
3.110064234097714e-08
7.372565369017326e-08
1.5138913515913602e-07
8.337055205071463e-07
5.144074386618266e-07
7.862740755307382e-07
5.989998114798023e-07
9.413704635678183e-07
6.210647783349816e-07
1.4789687104651998e-08
7.348234621336652e-07
2.1600780511162546e-07
5.450371334975906e-07
5.770348147584361e-07
4.2778090904412835e-08
4.676852776235421e-09
4.4428725342672234e-07
2.8166356553120365e-07
8.452186544084633e-07
7.033218452879852e-07
3.138750596733801e-08
4.208776272128254e-07
4.578590181458632e-07
2.5209923717697385e-07
9.428404436198076e-07
4.158808233004747e-07
4.971999021187784e-07
1.473653799409195e-07
8.425830153333106e-07
3.931717461587705e-08
9.198965459059371e-07
8.141936215153749e-07
4.050243970606173e-07
3.2485496765127026e-07
7.648196253885689e-07
8.801253747142705e-07
1.0980171460197548e-07
7.53809273746154e-07
4.0554029838191216e-07
3.8068042781893015e-07
5.808170071556611e-07
4.163860779377044e-07
4.772695627395943e-07
6.53872128893464e-08
7.957612264964059e-07
2.838798183906641e-07
7.613379159794155e-07
6.042537317934246e-07
3.283769460623247e-07
7.000329199092176e-07
6.838544214477731e-07
2.4821069403483937e-07
9.27464139818292e-07
5.417603059336757e-07
1.645404589643003e-09
4.0031617896911605e-09
9.26746604972477e-07
7.868670031641862e-07
7.348261052910736e-07
6.683394794409026e-08
1.1922391273092906e-07
1.2081768453970563e-07
6.3050986396999e-07
8.422689423260037e-07
1.6633841985565694e-07
2.965304289051378e-07
3.883834020506225e-07
1.2865659674858848e-08
3.4608907992103847e-07
9.921776751585572e-07
1.8297757529804988e-07
7.006511856752421e-07
3.366776239054193e-07
6.116388907328881e-08
8.657223147180716e-07
8.845828724479397e-07
8.929747258883533e-07
4.4683168147927257e-07
7.276790225064151e-07
3.952306559524791e-07
2.824595740799159e-07
7.964230474037797e-07
3.658254649108088e-07
7.360424967597536e-07
5.115170010358383e-07
9.475404256978474e-08
1.5398089707647403e-07
9.077107621340378e-07
5.7646658501353e-07
7.233474440501455e-07
9.964546654811265e-07
2.2895788890267483e-07
3.629503340363505e-07
7.380709330918952e-07
2.588432147429039e-07
4.483747469157214e-07
5.723558497112187e-07
9.90331267361621e-07
9.247636643122403e-07
1.1698191733918709e-07
9.616182129726285e-08
4.544642698233982e-07
1.6548843961597193e-07
4.1754868446685494e-07
8.51921023811074e-07
8.725672252697894e-07
6.917724759048593e-07
1.0110840940628431e-07
2.0395730734244706e-07
1.393834882572973e-07
1.0116525593717805e-07
7.899444693140799e-07
7.504952137509978e-07
8.972166576903815e-07
2.1996176975274445e-07
1.1595371201913622e-07
5.936632479068664e-07
3.794005560003022e-07
8.454621170016285e-07
7.021197240789496e-08
1.3548076434965807e-07
2.3891587672330255e-08
1.8930935723159711e-07
1.1867193695714191e-07
9.75216116738001e-07
2.6350918469209343e-07
6.678477506003659e-07
6.927719554027932e-08
1.978450845767548e-07
1.3602237802755813e-07
1.8933175835726848e-07
7.332209709764874e-07
2.1270422831544246e-07
8.919151831596832e-07
1.2792043377220085e-07
1.4149260798735212e-07
7.775885258260901e-07
1.8349505306363067e-07
5.397427956445258e-07
6.948396517481332e-07
2.047340353970535e-07
7.724272721409704e-07
9.763379317420186e-07
8.06889524651124e-07
6.717708749974133e-07
1.357334932639167e-07
3.320758486204379e-08
7.209029197774008e-07
3.5858240956623303e-07
6.003615834783751e-07
1.894842777045964e-08
4.6383788909452593e-07
6.085678338931673e-08
8.846697823237575e-07
2.9696429038874337e-08
8.214500406091536e-07
3.7561937670020596e-08
7.345601841132836e-07
8.916082930400103e-07
5.654796978112121e-07
2.71527793853361e-07
6.863540535364283e-07
3.9385176757918737e-07
4.886280826364888e-07
6.148430861986072e-07
4.234696153077501e-07
7.453029661120319e-07
2.9128559469421276e-07
9.983088909091923e-07
7.451739201746717e-08
4.6160184810691735e-07
2.8064194385506897e-07
2.581241171683074e-07
3.2943855841744386e-07
6.358149503659139e-07
9.300331862548024e-07
3.358287388572188e-07
6.698329839610078e-07
6.861157465061462e-07
1.520695220216152e-07
2.8031771241235117e-07
6.997077640155569e-07
6.907462662575676e-07
5.91647930671645e-07
5.976398529809812e-07
7.043743629943056e-07
8.727249297207527e-07
5.79595710860469e-07
5.973036563688997e-08
3.227497865217944e-07
9.728473482199063e-08
3.845466355402146e-07
6.990802204218913e-07
4.521175805856153e-07
9.995941008966821e-07
7.131149745027597e-07
5.701548388251644e-07
4.200732172824376e-07
3.4535984685929866e-07
5.350583085720105e-07
5.57884416675123e-07
7.863199691509986e-07
5.268611327092647e-07
9.890929225432858e-08
2.040548423492324e-07
8.30325572941565e-07
9.152129428285508e-07
4.84599535285775e-07
3.671224383197808e-07
6.6484526341574e-07
1.8165837780978943e-07
2.4893697627302185e-07
3.2727160900988864e-07
7.753817980693114e-07
8.00889980266696e-07
9.755770548119463e-07
7.551819401760576e-07
5.249111694156167e-07
1.5034727914473056e-07
9.271790536383494e-07
5.856004331033804e-07
3.702975958003601e-07
8.055842067839646e-07
3.037153849345441e-07
5.056722687064641e-07
7.56039958865519e-07
3.440075946893271e-07
9.94455736343782e-07
2.49110619829189e-07
2.300308160448323e-07
8.934233621661174e-07
5.748963206766601e-07
8.24130906961639e-07
4.212975432468819e-08
4.820940453313035e-07
9.497866366978731e-07
7.508266401679943e-07
1.5174848628307543e-07
5.435838207123744e-07
1.986635399379077e-07
3.3248902518690554e-07
1.2206336178858602e-08
4.0460722676242724e-07
5.005539551768836e-08
1.0866321678214407e-07
3.874089424705133e-07
2.8079796612016047e-07
4.952723129920804e-07
1.6951388719555715e-07
4.521828365842327e-07
1.0288161757706112e-07
2.56418923384631e-07
5.25373030620629e-07
7.408343706898271e-07
7.527849864640914e-07
3.6240232936752134e-07
2.3426289707126428e-07
4.787523171533007e-07
3.7331423786191687e-07
7.254300128271534e-07
9.225243944706506e-07
7.143004219519338e-07
7.283120644285235e-07
6.803224025380796e-07
4.599017927037954e-07
8.616397758899958e-07
7.68761646419786e-07
3.061195826821776e-07
2.936515002196172e-07
9.357775721711933e-07
5.9244139027038e-07
4.574431206101351e-07
5.842673433202543e-07
7.931862939245411e-07
5.798984965783518e-07
9.525200550765705e-08
4.1597899373719527e-07
3.0454656580068176e-07
1.433536408992962e-07
2.3448198333954238e-07
6.196570091751811e-07
9.941045060243653e-07
6.482763732084425e-07
2.466002224531201e-07
1.466373942259523e-07
4.666500456374078e-08
5.810206194984412e-07
2.5255908258884707e-07
4.5392230349713424e-07
3.9680773631765277e-07
7.794833595456135e-07
7.80600307542026e-07
5.64207607550968e-07
9.709780825352793e-07
6.639040692559874e-07
3.209260291601531e-07
5.957237625292767e-07
8.349717732696115e-07
5.326565897826131e-07
8.723849654985674e-07
3.7780526472203274e-07
9.730362447400527e-07
6.060191456859293e-07
4.356644561735284e-07
9.729006638643215e-07
3.573146269554652e-07
8.643140827181588e-07
5.383477257928934e-07
9.497203949747213e-07
6.209340461982792e-07
7.883608818169396e-07
6.731868796991796e-07
2.388464150767623e-07
6.209116970574202e-07
2.480653774275707e-07
1.6815890727324293e-07
7.477536953707976e-07
9.181019578616336e-07
9.806186512786944e-07
4.606348939822585e-07
1.92162273641787e-10
6.500746523141881e-07
3.4992092115945004e-07
2.1884507369406615e-07
3.483105202216349e-07
2.458422192608798e-07
5.0483228457282723e-08
8.006592537057033e-07
9.796220206813996e-07
8.476328924497881e-07
8.737916472232812e-07
3.3060810126455127e-07
4.360868150281739e-07
7.820572555475869e-07
3.006049752509738e-07
2.3317859145359482e-07
8.322276355465345e-07
3.928132308584574e-07
2.521491406099097e-07
8.854785819082401e-07
1.8078075580634603e-07
3.5375699043215785e-08
8.919120602173591e-07
9.743241423450836e-07
6.880739513297443e-07
3.2272044787827623e-07
4.19229790779247e-08
6.033852239275243e-07
2.850567964210366e-07
9.240111218047243e-07
3.09454645508613e-07
3.7282032863851567e-07
8.981088846845681e-07
2.275963631372711e-07
1.4979179023511263e-07
3.9964842634463755e-07
8.789570404391915e-07
1.6254032920480092e-08
2.1744291717361652e-07
6.528309550680818e-07
5.71664824566579e-07
6.294661808695656e-07
4.940898064018897e-07
6.58802948256203e-07
1.5050933056312259e-07
1.7775131500175094e-07
8.944716832430658e-07
3.9308511542142853e-08
3.644784524091642e-07
1.7137555972864201e-07
2.927620871582937e-07
5.645564037068237e-07
2.662780755170094e-07
3.462281613504609e-08
7.299446118522379e-07
1.9188160111512478e-07
4.6188091084238906e-07
5.165508458671922e-07
5.644690644454061e-07
2.690468883163083e-07
7.316313015045795e-07
1.4837201129667005e-07
1.6935205421128565e-07
9.133457682341311e-07
1.1845697911562827e-07
7.561609471529631e-07
5.353380042434286e-07
3.897293289399024e-07
6.210485948021488e-07
9.713028722296873e-07
1.491322589711722e-07
8.181783268280239e-07
7.87901361805279e-07
2.0224742640758625e-07
6.596951907200328e-07
1.197680522397504e-07
2.988863680428316e-07
7.237590511013907e-07
9.898499006727667e-07
5.203222848074658e-08
9.143955993381745e-07
2.7999734336221613e-07
5.114710109358975e-07
2.419111629828818e-07
3.094597214874216e-07
3.5416169054902185e-07
5.092277470549217e-07
2.071464251544958e-07
9.069559547803838e-07
7.784257591675171e-07
3.082820234203277e-07
6.938245904729246e-07
4.1850257022616606e-07
5.267868372893512e-07
4.6913116104734676e-07
5.745387376760557e-07
2.541391568300618e-07
6.692417819337894e-07
2.9721534330844965e-07
7.291106646665013e-07
7.486214641666786e-07
8.793561808361694e-07
8.074349649778277e-07
8.804572142190727e-07
4.641896210127886e-07
2.3788660947684546e-07
8.148686725465818e-07
7.836369985853821e-07
5.158498326460126e-07
2.7548745740705775e-07
2.3490637819231515e-08
4.75415594578303e-07
7.170295965953724e-07
8.994839445200183e-07
8.059018336667356e-07
7.725395848337935e-07
8.205764004689652e-07
9.858530475806618e-07
4.659183242412635e-07
7.25716104349411e-07
2.5802498390372275e-08
4.4669636909807155e-07
3.026523488290965e-07
8.737331349908869e-07
1.316256488567823e-07
5.091703933456735e-07
1.2736753697496522e-07
4.259931867956304e-07
5.306499947639828e-07
5.595752487438032e-07
8.156547659769572e-07
9.486284204881405e-07
5.903050959157354e-08
5.223185856530388e-07
1.779665662650996e-07
5.993326284922854e-07
9.259252379613857e-07
3.7061723761869685e-07
9.463962866148961e-07
8.508173352847921e-07
4.3721668687514427e-07
6.961948717089565e-07
6.181269102050917e-09
8.815602829447596e-07
2.3563299901833834e-07
3.937429805221615e-07
2.0933824423956493e-07
7.743354316486718e-07
4.774797221232952e-07
5.495305865577345e-07
5.573232680810736e-07
1.399193508404025e-07
1.0067742659248706e-08
6.946502937050715e-07
3.790347816599587e-07
3.904300508460942e-07
2.5998470344600344e-07
5.2504558694654517e-08
7.92232872967031e-07
7.889959072141375e-07
3.3963790562168254e-07
8.429586123284609e-07
8.262038330283981e-07
9.249426375857221e-07
9.973245449693744e-07
5.495413457527594e-07
4.0624818599994866e-07
7.087698368978754e-07
7.685469130674297e-07
2.931148657039546e-07
2.9708274066209225e-07
5.460140767255974e-07
3.126838184207644e-07
7.618134662189953e-08
2.1225075615593331e-07
3.7500449863649456e-07
3.388830754509175e-07
6.642490840033133e-08
5.749035477923987e-07
4.554920775272924e-07
3.524300400698595e-07
9.167939593191519e-08
1.7345150346590534e-07
9.285973041278714e-07
8.340938030581974e-07
6.924189485670289e-07
2.511171737025836e-07
4.3084987138583953e-07
7.114182727529889e-07
8.756587771911093e-07
3.1139087658702743e-07
3.003362883927802e-07
5.7418026880033596e-08
4.995778700997862e-07
5.062541601768502e-07
9.195661922858889e-07
9.601432018948052e-07
5.680145387056435e-07
6.777106488000358e-07
7.496571343782372e-07
9.086822460576778e-07
3.8185088917382656e-08
1.6412498195520925e-07
4.2485841069099154e-07
4.930880082142825e-08
5.275403642364382e-10
3.27785643855191e-07
7.305159251355427e-07
9.597723500226983e-07
2.438067964704841e-07
5.295462268306915e-07
3.4855566151525695e-07
8.401881935202524e-08
8.185290016915964e-07
4.147289076846734e-07
3.6527875901785847e-07
5.083233703892057e-07
9.087667179468022e-07
6.52073739810979e-07
6.667249371742745e-07
3.299335038297667e-07
1.423526789090874e-07
6.702293167873925e-07
3.0639569338396584e-07
7.118110264180803e-07
5.4900979790745755e-08
1.8651532186550115e-07
4.4995840068911425e-07
5.452195739891307e-07
6.855142945455491e-07
6.76758541102633e-07
2.9912291664103616e-08
5.958653605049545e-07
4.854552072961278e-07
1.1979597139724066e-08
3.424053795555194e-07
4.574606650022407e-07
5.867937539577584e-07
8.124362168596123e-07
6.382568187842399e-07
2.436324902598318e-07
3.7465379872920547e-07
2.4008546299258913e-07
7.964621174735611e-07
4.5083528287857684e-07
7.242000643163674e-08
5.61927716537129e-07
3.018197958807399e-07
8.785860592457164e-07
2.6950498859887856e-08
3.9118922008474324e-07
7.607264674185824e-07
8.416376740111481e-07
4.492160768980303e-07
4.4780381608717234e-07
9.068001196386055e-07
7.842086318719803e-09
8.716141450368051e-08
5.385982506106344e-07
8.825455975253514e-07
1.6794004054847564e-07
5.016743328432755e-07
2.834683343408081e-07
4.911788721319952e-07
7.266024457763971e-07
1.6535952681786332e-07
1.9853391859884794e-08
7.562934670154691e-07
4.487900496272183e-07
6.164523453541747e-07
7.822403688343133e-08
4.918099324962653e-07
1.207616774790385e-07
1.360594682648547e-07
7.237802219182412e-07
2.1007281861508682e-07
5.8509907069101e-07
6.584503115684811e-08
4.923130979579245e-07
1.7953258176174018e-07
7.171893006155016e-07
7.014740058132099e-07
4.131209713580803e-07
1.1975570039842474e-09
5.104086173789646e-07
8.514194411590491e-07
4.614732803538967e-07
6.549105707011617e-07
4.4813777467089606e-07
4.566242800476228e-07
5.447009175951856e-07
6.782548275059855e-07
8.113664915302653e-07
3.0257132222219074e-07
4.282595377792974e-07
7.664609101867126e-07
2.245330793482511e-07
9.563570656326077e-07
2.553693189499606e-07
2.9484264176309993e-07
1.8867223832537963e-07
6.139598553842668e-07
3.363775393984138e-07
1.793345230456159e-07
1.927994315408096e-08
5.047208832485381e-07
9.629840906155583e-07
4.977590789820474e-07
4.098785887333639e-07
1.303866566691208e-07
1.2589704498309715e-07
5.597378208502998e-07
4.7410150830111927e-07
5.431176183332052e-07
2.776284168121144e-07
5.900623781156102e-07
3.4528415170490897e-07
8.456542173503282e-07
5.305563480753666e-07
3.0893289788840196e-08
6.614726220719734e-07
3.073646718729766e-07
3.502283310859853e-07
1.483198841785437e-07
1.477438975677635e-07
1.4074375005015025e-07
6.200286034170971e-07
6.833705121819937e-07
2.813544465195393e-07
2.406741308465698e-07
1.2770422090320353e-07
9.641044900722972e-07
9.315860948931667e-07
3.6890209924704496e-07
7.916299412958136e-08
2.673819636080232e-09
2.533083098987468e-07
5.660719252240666e-07
9.015667179294403e-07
3.6631554600208683e-07
1.2750802531617002e-07
5.563658161934604e-07
3.060682373230448e-07
9.666628035571904e-08
9.540136304196548e-07
2.0393614918430443e-07
7.066615608123877e-07
6.251963943336627e-07
8.544447612801715e-07
4.688867984830548e-07
4.3412853089025476e-07
2.0755977806643483e-07
8.300333492968094e-07
9.210395461750714e-07
1.292474853150097e-07
3.8035160249943834e-07
7.591942911228725e-07
8.72622668780475e-08
8.568965916435031e-07
5.388962016363379e-07
7.460480583203991e-07
7.446988245116619e-07
9.906035082882744e-07
1.9544738633255118e-07
9.888069734347693e-08
3.2245687538949046e-07
8.420401754904202e-07
5.583143893745459e-07
6.544689321193626e-07
4.1248705204409125e-07
3.611251915102239e-07
5.757334924329484e-07
7.499267854147395e-07
1.5478060524991563e-07
8.008029225910185e-07
6.153452203575512e-07
5.168402597468898e-07
7.628180186426181e-07
4.2813449991849614e-07
4.252455510143728e-07
7.4072255774651125e-09
7.047987691921189e-07
2.2153309871595112e-08
3.4183600705291215e-07
7.2554706785979e-07
4.3412757594599655e-07
3.1426908721526134e-07
2.554056257187913e-07
9.509606536490776e-07
3.9365414757283307e-07
5.033223862047821e-07
9.593512463536401e-08
7.138344679559515e-07
2.01219766504352e-07
3.929957083355505e-07
6.47714276260267e-07
3.6344578378190876e-07
3.791709259860089e-07
3.223033178225029e-07
2.791437161669581e-07
3.4088437783727795e-07
1.617467167491797e-07
3.718147211234703e-07
9.66866362974394e-08
3.537240251703663e-07
6.910980093357591e-07
5.592208921562047e-07
4.204841520121341e-07
2.677134680375556e-07
9.098756375913556e-07
7.049190594160075e-07
2.525938831481223e-07
8.243774935627378e-07
8.678534182329911e-07
4.6064618179147733e-07
2.860756774678136e-08
4.692007115345852e-07
8.660437421575129e-08
1.6961042769455935e-07
7.43055612445194e-07
1.75392656438847e-07
5.182003549092461e-07
1.9359215505561286e-07
2.535153052180266e-07
6.613186177234938e-07
8.848418095209855e-07
3.7202996460409316e-08
8.592570606956178e-07
3.3596440558194275e-08
1.399454171608681e-07
2.758557095956894e-07
2.0155751442374744e-08
3.282697967469759e-08
1.9549281474384014e-07
6.342615280993741e-07
2.093970996079214e-07
9.860827367646088e-07
4.634813489617678e-07
5.452594508688986e-07
3.272389009644337e-07
3.2772643672872195e-07
4.1549836435699916e-07
1.7766494050334847e-07
5.980213740962372e-08
8.916647324109892e-07
7.66201479978638e-07
9.749778528184823e-07
1.1585357826966933e-07
4.386487584883461e-07
8.483561684771485e-08
7.786549366460174e-07
9.367892805439206e-07
1.7622703414469146e-07
9.070330033595078e-08
6.978400444882026e-07
5.917449737901667e-07
8.602369651940296e-07
5.383309327134192e-08
6.956658521024304e-07
5.07424643483692e-07
9.028177205780406e-07
1.1282941740235048e-07
8.643495176985341e-07
5.464016074867963e-07
3.295808297717137e-07
2.5693419248898076e-07
5.4120511629145803e-08
5.809151592606185e-07
2.578052121361607e-07
8.454925498804059e-07
5.851569610159367e-07
9.009882674529425e-07
5.107018969141644e-07
5.919249258908692e-07
4.8573626771478656e-08
9.672869847736386e-07
6.29507094261438e-07
5.566612522479045e-07
4.9539885665558215e-08
1.44635351713376e-07
9.006553108563303e-07
3.143883025452628e-07
4.555885851040033e-07
2.2255254800898535e-08
6.413620261718033e-07
6.019001712199014e-07
8.102104186951365e-07
8.77852496884645e-07
1.5205161485516533e-07
5.453281031663399e-07
3.3729753881182814e-07
3.5835970321350574e-07
4.0291375507640683e-07
9.786446810091029e-07
2.1328408900442874e-07
7.564554597256927e-07
8.740887070804879e-07
4.3547848188962746e-07
9.313967081909265e-07
2.3491913984900435e-07
7.928633453903762e-07
7.840702432165171e-07
1.3039154277313226e-07
6.714733025231127e-07
